2024-07-24 15:38:34.060547,0,0.00000 0.00000 -0.00000,0.00000 -0.00000 0.00000-0.00000 0.00000 0.16500,0.00000 0.00000 0.00000-0.00000 0.00000 0.16500,-90.00021 -0.00008 0.00000-0.00000 0.00000 0.27500,-0.00001 -0.00008 0.00000-0.00000 0.00000 0.27500,-90.00020 0.00012 179.99986-0.00000 -0.00000 0.40100,0.00000 0.00012 179.99987-0.00000 -0.00000 0.40100,-90.00021 0.00013 179.99987
2024-07-24 15:38:34.089402,1,0.00000 0.00000 -0.00000,0.00000 -0.00000 0.000000.00000 0.00000 0.16500,0.00000 0.00000 0.87130-0.00000 0.00000 0.16500,-90.00020 -0.51480 0.87130-0.00099 -0.00001 0.27500,-0.00788 -0.51474 1.74849-0.00099 -0.00001 0.27500,-89.99233 1.33784 -178.25154-0.00393 -0.00009 0.40096,0.03013 1.33752 -177.29833-0.00393 -0.00009 0.40096,-89.97009 0.36090 -177.29884
2024-07-24 15:38:34.115091,2,0.00000 0.00000 -0.00000,0.00000 -0.00000 0.000000.00000 0.00000 0.16500,0.00000 0.00000 1.82415-0.00000 0.00000 0.16500,-90.00020 -1.43405 1.82416-0.00275 -0.00009 0.27497,-0.04588 -1.43332 3.65781-0.00275 -0.00009 0.27497,-89.95426 3.23346 -176.34089-0.00985 -0.00044 0.40076,0.15381 3.23013 -174.42763-0.00985 -0.00044 0.40076,-89.84662 1.27738 -174.43287
2024-07-24 15:38:34.138821,3,0.00000 0.00000 -0.00000,0.00000 -0.00000 0.00000-0.00000 0.00000 0.16500,0.00000 0.00000 2.77385-0.00000 0.00000 0.16500,-90.00021 -2.39757 2.77386-0.00460 -0.00022 0.27490,-0.11675 -2.39472 5.56594-0.00460 -0.00022 0.27490,-89.88307 5.18704 -174.42850-0.01596 -0.00107 0.40039,0.37715 5.17467 -171.54968-0.01596 -0.00107 0.40039,-89.62430 2.24646 -171.56895
2024-07-24 15:38:34.162238,4,0.00000 0.00000 -0.00000,0.00000 -0.00000 0.000000.00000 0.00000 0.16500,0.00000 0.00000 3.720560.00000 0.00000 0.16500,-90.00021 -3.36601 3.72057-0.00644 -0.00042 0.27481,-0.22012 -3.35881 7.47228-0.00644 -0.00042 0.27481,-89.77875 7.14234 -172.51323-0.02204 -0.00198 0.39983,0.69971 7.11159 -168.65981-0.02204 -0.00198 0.39983,-89.30478 3.20887 -168.70749
2024-07-24 15:38:34.185405,5,0.00000 0.00000 -0.00000,0.00000 -0.00000 0.00000-0.00000 0.00000 0.16500,0.00000 0.00000 4.66528-0.00000 -0.00000 0.16500,-90.00020 -4.34080 4.66530-0.00830 -0.00068 0.27468,-0.35647 -4.32616 9.38033-0.00830 -0.00068 0.27468,-89.64023 9.10023 -170.58978-0.02809 -0.00315 0.39910,1.12340 9.03831 -165.74948-0.02809 -0.00315 0.39910,-88.88782 4.16222 -165.84521
2024-07-24 15:38:34.208530,6,0.00000 0.00000 -0.00000,0.00000 -0.00000 0.000000.00000 0.00000 0.16500,0.00000 0.00000 5.608330.00000 0.00000 0.16500,-90.00020 -5.32171 5.60835-0.01015 -0.00100 0.27453,-0.52609 -5.29571 11.28980-0.01015 -0.00100 0.27453,-89.46646 11.05957 -168.65653-0.03408 -0.00460 0.39818,1.65008 10.95016 -162.81347-0.03408 -0.00460 0.39818,-88.37372 5.10242 -162.98228
2024-07-24 15:38:34.232245,7,0.00000 0.00000 -0.00000,0.00000 -0.00000 0.000000.00000 0.00000 0.16500,0.00000 0.00000 6.54972-0.00000 0.00000 0.16500,-90.00021 -6.30869 6.54974-0.01201 -0.00138 0.27433,-0.72936 -6.26655 13.20192-0.01201 -0.00138 0.27433,-89.25609 13.01921 -166.71022-0.04001 -0.00631 0.39708,2.28198 12.84228 -159.84556-0.04001 -0.00631 0.39708,-87.76297 6.02503 -160.11807
2024-07-24 15:38:34.250681,8,0.00000 0.00000 -0.00000,0.00000 -0.00000 0.00000-0.00000 0.00000 0.16500,0.00000 0.00000 7.489640.00000 -0.00000 0.16500,-90.00021 -7.30152 7.48966-0.01386 -0.00182 0.27411,-0.96662 -7.23759 15.11764-0.01386 -0.00182 0.27411,-89.00757 14.97797 -164.74775-0.04585 -0.00828 0.39581,3.02156 14.70965 -156.83974-0.04585 -0.00828 0.39581,-87.05625 6.92600 -157.25231
2024-07-24 15:38:34.268128,9,0.00000 0.00000 -0.00000,0.00000 -0.00000 0.00000-0.00000 0.00000 0.16500,0.00000 0.00000 8.42819-0.00000 0.00000 0.16500,-90.00021 -8.29995 8.42823-0.01571 -0.00233 0.27385,-1.23814 -8.20772 17.03696-0.01571 -0.00233 0.27385,-88.71920 16.93465 -162.76681-0.05159 -0.01051 0.39435,3.87144 16.54709 -153.79049-0.05159 -0.01051 0.39435,-86.25460 7.80147 -154.38546
2024-07-24 15:38:34.287238,10,0.00000 0.00000 -0.00000,0.00000 -0.00000 0.000000.00000 0.00000 0.16500,0.00000 0.00000 9.365540.00000 -0.00000 0.16500,-90.00020 -9.30391 9.36557-0.01755 -0.00289 0.27355,-1.54428 -9.17596 18.96125-0.01755 -0.00289 0.27355,-88.38893 18.88800 -160.76352-0.05721 -0.01298 0.39272,4.83444 18.34915 -150.69144-0.05721 -0.01298 0.39272,-85.35924 8.64736 -151.51730
2024-07-24 15:38:34.305768,11,0.00000 0.00000 -0.00000,0.00000 -0.00000 0.000000.00000 0.00000 0.16500,0.00000 0.00000 10.301780.00000 0.00000 0.16500,-90.00021 -10.31302 10.30182-0.01938 -0.00352 0.27322,-1.88526 -10.14107 20.89075-0.01938 -0.00352 0.27322,-88.01453 20.83643 -158.73493-0.06270 -0.01570 0.39091,5.91333 20.10985 -147.53724-0.06270 -0.01570 0.39091,-84.37176 9.45989 -148.64875
2024-07-24 15:38:34.323924,12,0.00000 0.00000 -0.00000,0.00000 -0.00000 0.000000.00000 0.00000 0.16500,0.00000 0.00000 11.237100.00000 -0.00000 0.16500,-90.00022 -11.32717 11.23715-0.02119 -0.00421 0.27286,-2.26139 -11.10203 22.82657-0.02119 -0.00421 0.27286,-87.59338 22.77867 -156.67694-0.06804 -0.01865 0.38893,7.11098 21.82334 -144.32197-0.06804 -0.01865 0.38893,-83.29398 10.23525 -145.78023
2024-07-24 15:38:34.342565,13,0.00000 0.00000 -0.00000,0.00000 -0.00000 0.00000-0.00000 0.00000 0.16500,0.00000 0.00000 12.171710.00000 0.00000 0.16500,-90.00022 -12.34605 12.17176-0.02299 -0.00496 0.27246,-2.67289 -12.05762 24.76936-0.02299 -0.00496 0.27246,-87.12262 24.71303 -154.58569-0.07323 -0.02182 0.38677,8.43007 23.48315 -141.04022-0.07323 -0.02182 0.38677,-82.12805 10.97014 -142.91271
2024-07-24 15:38:34.361235,14,0.00000 0.00000 -0.00000,0.00000 -0.00000 0.000000.00000 0.00000 0.16500,0.00000 0.00000 13.105750.00000 -0.00000 0.16500,-90.00021 -13.36938 13.10580-0.02477 -0.00577 0.27202,-3.12003 -13.00667 26.72019-0.02477 -0.00577 0.27202,-86.59896 26.63788 -152.45649-0.07823 -0.02522 0.38445,9.87301 25.08272 -137.68694-0.07823 -0.02522 0.38445,-80.87640 11.66109 -140.04738
2024-07-24 15:38:34.379412,15,0.00000 0.00000 -0.00000,0.00000 -0.00000 0.00000-0.00000 0.00000 0.16500,0.00000 0.00000 14.03953-0.00000 0.00000 0.16500,-90.00022 -14.39694 14.03959-0.02653 -0.00663 0.27155,-3.60310 -13.94801 28.68017-0.02653 -0.00663 0.27155,-86.01868 28.55136 -150.28428-0.08305 -0.02882 0.38196,11.44190 26.61503 -134.25724-0.08305 -0.02882 0.38196,-79.54168 12.30456 -137.18545
2024-07-24 15:38:34.398022,16,0.00000 0.00000 -0.00000,0.00000 -0.00000 0.00000-0.00000 0.00000 0.16500,0.00000 0.00000 14.97317-0.00000 0.00000 0.16500,-90.00021 -15.42841 14.97323-0.02827 -0.00756 0.27104,-4.12228 -14.88041 30.64999-0.02827 -0.00756 0.27104,-85.37769 30.45152 -148.06400-0.08766 -0.03261 0.37930,13.13804 28.07291 -130.74763-0.08766 -0.03261 0.37930,-78.12695 12.89762 -134.32898
2024-07-24 15:38:34.416596,17,0.00000 0.00000 -0.00000,0.00000 -0.00000 0.00000-0.00000 0.00000 0.16500,0.00000 0.00000 15.90687-0.00000 0.00000 0.16500,-90.00021 -16.46349 15.90693-0.02998 -0.00854 0.27049,-4.67784 -15.80261 32.63092-0.02998 -0.00854 0.27049,-84.67134 32.33615 -145.78958-0.09205 -0.03660 0.37649,14.96199 29.44885 -127.15492-0.09205 -0.03660 0.37649,-76.63551 13.43766 -131.47972
2024-07-24 15:38:34.435250,18,0.00000 0.00000 -0.00000,0.00000 -0.00000 0.00000-0.00000 0.00000 0.16500,0.00000 0.00000 16.834610.00000 0.00000 0.16500,-90.00021 -17.50502 16.83468-0.03167 -0.00958 0.26991,-5.27847 -16.71402 34.64396-0.03167 -0.00958 0.26991,-83.88461 34.20397 -143.43148-0.09623 -0.04076 0.37352,16.18732 31.09837 -124.88594-0.09623 -0.04076 0.37352,-75.74335 14.22937 -129.83914
2024-07-24 15:38:34.450332,19,0.00000 0.00000 -0.00000,0.00000 -0.00000 0.000000.00000 0.00000 0.16500,0.00000 0.00000 17.850060.00000 0.00000 0.16500,-90.00021 -18.54419 17.85013-0.03330 -0.01072 0.26929,-5.59077 -17.70967 35.68805-0.03330 -0.01072 0.26929,-83.39924 36.16481 -142.11118-0.10049 -0.04465 0.37034,17.52739 32.75235 -122.93105-0.10049 -0.04465 0.37034,-74.79505 15.04767 -128.59086
2024-07-24 15:38:34.466034,20,0.00000 0.00000 -0.00000,0.00000 -0.00000 0.000000.00000 -0.00000 0.16500,0.00000 0.00000 18.791100.00000 0.00000 0.16500,-90.00021 -19.58811 18.79117-0.03491 -0.01188 0.26863,-5.93382 -18.70145 36.75162-0.03491 -0.01188 0.26863,-82.85093 38.11307 -140.73045-0.10458 -0.04858 0.36700,18.71902 34.48460 -121.31786-0.10458 -0.04858 0.36700,-74.03114 15.94450 -127.68337
2024-07-24 15:38:34.480662,21,0.00000 0.00000 -0.00000,0.00000 -0.00000 0.000000.00000 0.00000 0.16500,0.00000 0.00000 19.73199-0.00000 0.00000 0.16500,-90.00021 -20.63498 19.73207-0.03649 -0.01309 0.26794,-6.30668 -19.68774 37.89427-0.03649 -0.01309 0.26794,-82.23496 40.05052 -139.22362-0.10844 -0.05266 0.36351,20.20275 36.08151 -119.19067-0.10844 -0.05266 0.36351,-73.05462 16.74794 -126.40079
2024-07-24 15:38:34.497531,22,0.00000 0.00000 -0.00000,0.00000 -0.00000 0.000000.00000 0.00000 0.16500,0.00000 0.00000 20.671680.00000 0.00000 0.16500,-90.00022 -21.68461 20.67176-0.03803 -0.01435 0.26722,-6.71224 -20.66739 39.11284-0.03803 -0.01435 0.26722,-81.54132 41.97487 -137.58581-0.11207 -0.05688 0.35987,21.50108 37.78169 -117.38159-0.11207 -0.05688 0.35987,-72.30286 17.65005 -125.42397
2024-07-24 15:38:34.514178,23,0.00000 0.00000 -0.00000,0.00000 -0.00000 0.000000.00000 0.00000 0.16500,0.00000 0.00000 21.631130.00000 -0.00000 0.16500,-90.00023 -22.73684 21.63121-0.03952 -0.01567 0.26645,-6.87200 -21.72619 39.66499-0.03952 -0.01567 0.26645,-81.11313 43.98849 -136.69172-0.11579 -0.06081 0.35602,22.95246 39.46990 -115.70767-0.11579 -0.06081 0.35602,-71.48383 18.57110 -124.68635
2024-07-24 15:38:34.531318,24,0.00000 0.00000 -0.00000,0.00000 -0.00000 0.000000.00000 0.00000 0.16500,0.00001 0.00000 22.563330.00000 -0.00000 0.16500,-90.00022 -23.79113 22.56342-0.04098 -0.01703 0.26565,-7.13062 -22.75691 40.48473-0.04098 -0.01703 0.26565,-80.52207 45.96294 -135.44206-0.11920 -0.06493 0.35204,24.48991 41.11288 -113.80405-0.11920 -0.06493 0.35204,-70.65458 19.47333 -123.80237
2024-07-24 15:38:34.547076,25,0.00000 0.00000 -0.00000,0.00000 -0.00000 0.00000-0.00000 0.00000 0.16500,0.00001 0.00000 23.50119-0.00000 0.00000 0.16500,-90.00023 -24.84761 23.50129-0.04239 -0.01843 0.26482,-7.48906 -23.76077 41.57095-0.04239 -0.01843 0.26482,-79.75134 47.89907 -133.82037-0.12226 -0.06929 0.34794,26.17472 42.68212 -111.57295-0.12226 -0.06929 0.34794,-69.76742 20.33950 -122.70108
2024-07-24 15:38:34.564282,26,0.00000 0.00000 -0.00000,0.00000 -0.00000 0.000000.00000 0.00000 0.16500,0.00001 0.00000 24.439010.00000 0.00000 0.16500,-90.00023 -25.90598 24.43911-0.04375 -0.01988 0.26395,-7.93910 -24.73988 42.86878-0.04375 -0.01988 0.26395,-78.79467 49.79594 -131.86781-0.12499 -0.07384 0.34373,27.81667 44.28006 -109.33029-0.12499 -0.07384 0.34373,-68.99530 21.24488 -121.63127
2024-07-24 15:38:34.580885,27,0.00000 0.00000 -0.00000,0.00000 -0.00000 0.000000.00000 0.00000 0.16500,0.00001 0.00000 25.376270.00000 0.00000 0.16500,-90.00023 -26.96553 25.37637-0.04507 -0.02138 0.26304,-8.46722 -25.69679 44.32464-0.04507 -0.02138 0.26304,-77.65183 51.65334 -129.62658-0.12739 -0.07854 0.33940,29.73080 45.73821 -106.65231-0.12739 -0.07854 0.33940,-68.06834 22.07393 -120.29237
2024-07-24 15:38:34.597515,28,0.00000 0.00000 -0.00000,0.00000 -0.00000 0.00000-0.00000 0.00000 0.16500,0.00001 0.00000 26.312170.00000 -0.00000 0.16500,-90.00025 -28.02619 26.31229-0.04633 -0.02291 0.26210,-9.06253 -26.63362 45.89827-0.04633 -0.02291 0.26210,-76.31791 53.47022 -127.12331-0.12947 -0.08336 0.33497,31.55615 47.25695 -104.07405-0.12947 -0.08336 0.33497,-67.30853 22.96625 -119.08464
2024-07-24 15:38:34.614249,29,0.00000 0.00000 -0.00000,0.00000 -0.00000 0.000000.00000 0.00000 0.16500,0.00001 0.00000 27.24819-0.00000 0.00000 0.16500,-90.00024 -29.08756 27.24830-0.04754 -0.02448 0.26113,-9.72300 -27.54928 47.57637-0.04754 -0.02448 0.26113,-74.77389 55.24095 -124.35008-0.13122 -0.08828 0.33044,33.61513 48.65604 -101.15627-0.13122 -0.08828 0.33044,-66.44059 23.80279 -117.69840
2024-07-24 15:38:34.630868,30,0.00000 0.00000 -0.00000,0.00000 -0.00000 0.00000-0.00000 0.00000 0.16500,0.00001 0.00000 28.202410.00000 -0.00000 0.16500,-90.00022 -29.46164 28.20253-0.04768 -0.02557 0.26078,-10.19130 -27.79242 49.28679-0.04768 -0.02557 0.26078,-73.92465 55.57981 -122.13282-0.13035 -0.09159 0.32921,34.21504 48.94143 -99.34523-0.13035 -0.09159 0.32921,-66.28681 23.30979 -116.63072
2024-07-24 15:38:34.646960,31,0.00000 0.00000 -0.00000,0.00000 -0.00000 0.000000.00000 0.00000 0.16500,0.00001 0.00000 29.193980.00000 -0.00000 0.16500,-90.00024 -29.60068 29.19410-0.04743 -0.02650 0.26064,-10.41170 -27.86574 50.65487-0.04743 -0.02650 0.26064,-73.61183 55.51162 -120.62803-0.12878 -0.09413 0.32909,34.10540 48.99893 -98.36326-0.12878 -0.09413 0.32909,-66.54244 22.46201 -116.01980
2024-07-24 15:38:34.663735,32,0.00000 0.00000 -0.00000,0.00000 -0.00000 0.00000-0.00000 0.00000 0.16500,0.00001 0.00000 29.22711-0.00000 0.00000 0.16500,-90.00023 -29.58090 29.22723-0.04739 -0.02651 0.26066,-10.38468 -27.85387 50.64387-0.04739 -0.02651 0.26066,-73.65039 55.51827 -120.65574-0.12872 -0.09416 0.32911,34.15266 48.96964 -98.28118-0.12872 -0.09416 0.32911,-66.65518 21.56183 -116.36942
2024-07-24 15:38:34.680850,33,0.00000 0.00000 -0.00000,0.00000 -0.00000 0.000000.00000 0.00000 0.16500,0.00001 0.00000 29.219430.00000 -0.00000 0.16500,-90.00022 -29.57035 29.21955-0.04738 -0.02650 0.26067,-10.36653 -27.84882 50.60464-0.04738 -0.02650 0.26067,-73.67632 55.52378 -120.70652-0.12873 -0.09412 0.32912,34.18856 48.94879 -98.25299-0.12873 -0.09412 0.32912,-66.77081 20.66723 -116.76418
2024-07-24 15:38:34.697008,34,0.00000 0.00000 -0.00000,0.00000 -0.00000 0.000000.00000 0.00000 0.16500,0.00001 0.00000 29.22893-0.00000 0.00000 0.16500,-90.00023 -29.56220 29.22905-0.04736 -0.02650 0.26068,-10.35772 -27.84313 50.60089-0.04736 -0.02650 0.26068,-73.68821 55.52697 -120.71468-0.12870 -0.09413 0.32913,34.20784 48.93841 -98.22144-0.12870 -0.09413 0.32913,-66.89360 19.77890 -117.14399
2024-07-24 15:38:34.713161,35,0.00000 0.00000 -0.00000,0.00000 -0.00000 0.00000-0.00000 0.00000 0.16500,0.00001 0.00000 29.23195-0.00000 0.00000 0.16500,-90.00024 -29.55763 29.23208-0.04735 -0.02650 0.26068,-10.35187 -27.84025 50.59455-0.04735 -0.02650 0.26068,-73.69563 55.53044 -120.72350-0.12870 -0.09413 0.32913,34.22182 48.93264 -98.20338-0.12870 -0.09413 0.32913,-67.01422 18.89350 -117.53085
2024-07-24 15:38:34.730443,36,0.00000 0.00000 -0.00000,0.00000 -0.00000 0.000000.00000 -0.00000 0.16500,0.00001 0.00000 29.234020.00000 0.00000 0.16500,-90.00026 -29.55471 29.23414-0.04735 -0.02650 0.26069,-10.34839 -27.83831 50.59115-0.04735 -0.02650 0.26069,-73.69974 55.53322 -120.72796-0.12869 -0.09414 0.32913,34.23064 48.92987 -98.19180-0.12869 -0.09414 0.32913,-67.13215 18.00952 -117.91765
2024-07-24 15:38:34.747040,37,0.00000 0.00000 -0.00000,0.00000 -0.00000 0.000000.00000 0.00000 0.16500,0.00001 0.00000 29.23520-0.00000 0.00000 0.16500,-90.00024 -29.55253 29.23532-0.04734 -0.02650 0.26069,-10.34611 -27.83676 50.58897-0.04734 -0.02650 0.26069,-73.70237 55.53497 -120.73074-0.12869 -0.09414 0.32913,34.23570 48.92843 -98.18509-0.12869 -0.09414 0.32913,-67.24602 17.12567 -118.30344
2024-07-24 15:38:34.763691,38,0.00000 0.00000 -0.00000,0.00000 -0.00000 0.000000.00000 0.00000 0.16500,0.00001 0.00000 29.23543-0.00000 0.00000 0.16500,-90.00024 -29.55092 29.23555-0.04734 -0.02650 0.26069,-10.34452 -27.83559 50.58691-0.04734 -0.02650 0.26069,-73.70413 55.53645 -120.73312-0.12869 -0.09414 0.32913,34.23894 48.92795 -98.18143-0.12869 -0.09414 0.32913,-67.35458 16.24204 -118.68754
2024-07-24 15:38:34.780727,39,0.00000 0.00000 -0.00000,0.00000 -0.00000 0.00000-0.00000 0.00000 0.16500,0.00001 0.00000 29.23560-0.00000 -0.00000 0.16500,-90.00024 -29.54951 29.23573-0.04734 -0.02650 0.26069,-10.34331 -27.83448 50.58548-0.04734 -0.02650 0.26069,-73.70535 55.53770 -120.73462-0.12869 -0.09414 0.32913,34.24086 48.92806 -98.17922-0.12869 -0.09414 0.32913,-67.45751 15.35846 -119.06883
2024-07-24 15:38:34.796881,40,0.00000 0.00000 -0.00000,0.00000 -0.00000 0.00000-0.00000 0.00000 0.16500,0.00001 0.00000 29.235800.00000 -0.00000 0.16500,-90.00025 -29.54839 29.23592-0.04734 -0.02649 0.26069,-10.34238 -27.83361 50.58444-0.04734 -0.02649 0.26069,-73.70613 55.53908 -120.73552-0.12869 -0.09414 0.32913,34.24242 48.92871 -98.17753-0.12869 -0.09414 0.32913,-67.55432 14.47514 -119.44705
2024-07-24 15:38:34.814017,41,0.00000 0.00000 -0.00000,0.00000 -0.00000 0.000000.00000 0.00000 0.16500,0.00001 0.00000 29.235930.00000 -0.00000 0.16500,-90.00024 -29.54734 29.23605-0.04734 -0.02649 0.26069,-10.34152 -27.83277 50.58346-0.04734 -0.02649 0.26069,-73.70683 55.54031 -120.73636-0.12868 -0.09414 0.32913,34.24344 48.92949 -98.17653-0.12868 -0.09414 0.32913,-67.64508 13.59167 -119.82250
2024-07-24 15:38:34.830642,42,0.00000 0.00000 -0.00000,0.00000 -0.00000 0.00000-0.00000 0.00000 0.16500,0.00001 0.00000 29.23597-0.00000 -0.00000 0.16500,-90.00022 -29.54636 29.23609-0.04733 -0.02649 0.26070,-10.34065 -27.83202 50.58237-0.04733 -0.02649 0.26070,-73.70762 55.54149 -120.73740-0.12868 -0.09414 0.32912,34.24414 48.93037 -98.17601-0.12868 -0.09414 0.32912,-67.72978 12.70815 -120.19525
2024-07-24 15:38:34.846534,43,0.00000 0.00000 -0.00000,0.00000 -0.00000 0.00000-0.00000 0.00000 0.16500,0.00001 0.00000 29.235970.00000 0.00000 0.16500,-90.00024 -29.54534 29.23610-0.04733 -0.02649 0.26070,-10.33977 -27.83124 50.58112-0.04733 -0.02649 0.26070,-73.70851 55.54247 -120.73871-0.12868 -0.09414 0.32912,34.24454 48.93115 -98.17599-0.12868 -0.09414 0.32912,-67.80845 11.82445 -120.56550
2024-07-24 15:38:34.863103,44,0.00000 0.00000 -0.00000,0.00000 -0.00000 0.000000.00000 0.00000 0.16500,0.00001 0.00000 29.235870.00000 0.00000 0.16500,-90.00025 -29.54543 29.23600-0.04733 -0.02649 0.26070,-10.33937 -27.83148 50.58007-0.04733 -0.02649 0.26070,-73.70825 55.54459 -120.73904-0.12869 -0.09414 0.32912,34.24640 48.93279 -98.17489-0.12869 -0.09414 0.32912,-67.85902 11.21108 -120.82156
2024-07-24 15:38:34.879703,45,0.00000 0.00000 -0.00000,0.00000 -0.00000 0.00000-0.00000 0.00000 0.16500,0.00001 0.00000 29.236010.00000 0.00000 0.16500,-90.00024 -29.55021 29.23613-0.04734 -0.02650 0.26069,-10.34107 -27.83602 50.58059-0.04734 -0.02650 0.26069,-73.71180 55.53157 -120.74511-0.12869 -0.09413 0.32914,34.23425 48.92258 -98.18819-0.12869 -0.09413 0.32914,-67.86049 11.22385 -120.81589
2024-07-24 15:38:34.896783,46,0.00000 0.00000 -0.00000,0.00000 -0.00000 0.00000-0.00000 0.00000 0.16500,0.00001 0.00000 29.238560.00000 0.00000 0.16500,-90.00024 -29.55015 29.23868-0.04734 -0.02650 0.26069,-10.34049 -27.83615 50.58196-0.04734 -0.02650 0.26069,-73.71074 55.53633 -120.74184-0.12869 -0.09414 0.32913,34.23977 48.92561 -98.18053-0.12869 -0.09414 0.32913,-67.85949 11.21265 -120.81835
2024-07-24 15:38:34.913420,47,0.00000 0.00000 -0.00000,0.00000 -0.00000 0.00000-0.00000 0.00000 0.16500,0.00001 0.00000 29.238890.00000 0.00000 0.16500,-90.00025 -29.54939 29.23901-0.04734 -0.02650 0.26069,-10.33957 -27.83566 50.58080-0.04734 -0.02650 0.26069,-73.71112 55.53863 -120.74244-0.12869 -0.09414 0.32913,34.24178 48.92723 -98.17875-0.12869 -0.09414 0.32913,-67.85927 11.21000 -120.81990
2024-07-24 15:38:34.930075,48,0.00000 0.00000 -0.00000,0.00000 -0.00000 0.000000.00000 0.00000 0.16500,0.00001 0.00000 29.239080.00000 0.00000 0.16500,-90.00024 -29.54835 29.23920-0.04734 -0.02650 0.26069,-10.33860 -27.83488 50.57965-0.04734 -0.02650 0.26069,-73.71196 55.54006 -120.74349-0.12868 -0.09414 0.32913,34.24251 48.92840 -98.17823-0.12868 -0.09414 0.32913,-67.85941 11.20963 -120.82060
2024-07-24 15:38:34.946704,49,0.00000 0.00000 -0.00000,0.00000 -0.00000 0.00000-0.00000 0.00000 0.16500,0.00001 0.00000 29.23912-0.00000 0.00000 0.16500,-90.00023 -29.54742 29.23924-0.04733 -0.02650 0.26069,-10.33763 -27.83421 50.57828-0.04733 -0.02650 0.26069,-73.71279 55.54151 -120.74478-0.12868 -0.09414 0.32913,34.24331 48.92957 -98.17788-0.12868 -0.09414 0.32913,-67.85945 11.20999 -120.82124
2024-07-24 15:38:34.963832,50,0.00000 0.00000 -0.00000,0.00000 -0.00000 0.00000-0.00000 0.00000 0.16500,0.00001 0.00000 29.239120.00000 -0.00000 0.16500,-90.00024 -29.54646 29.23925-0.04733 -0.02650 0.26070,-10.33668 -27.83350 50.57690-0.04733 -0.02650 0.26070,-73.71368 55.54273 -120.74614-0.12868 -0.09414 0.32912,34.24380 48.93059 -98.17786-0.12868 -0.09414 0.32912,-67.85962 11.21015 -120.82197
2024-07-24 15:38:34.979968,51,0.00000 0.00000 -0.00000,0.00000 -0.00000 0.00000-0.00000 0.00000 0.16500,0.00001 0.00000 29.23912-0.00000 0.00000 0.16500,-90.00023 -29.54547 29.23924-0.04733 -0.02649 0.26070,-10.33570 -27.83278 50.57549-0.04733 -0.02649 0.26070,-73.71465 55.54385 -120.74761-0.12868 -0.09414 0.32912,34.24422 48.93153 -98.17791-0.12868 -0.09414 0.32912,-67.85979 11.21038 -120.82267
2024-07-24 15:38:34.997059,52,0.00000 0.00000 -0.00000,0.00000 -0.00000 0.000000.00000 0.00000 0.16500,0.00001 0.00000 29.239080.00000 0.00000 0.16500,-90.00023 -29.54444 29.23920-0.04733 -0.02649 0.26070,-10.33470 -27.83202 50.57400-0.04733 -0.02649 0.26070,-73.71576 55.54476 -120.74930-0.12868 -0.09414 0.32912,34.24443 48.93227 -98.17820-0.12868 -0.09414 0.32912,-67.86000 11.21054 -120.82339
2024-07-24 15:38:35.014147,53,0.00000 0.00000 -0.00000,0.00000 -0.00000 0.000000.00000 0.00000 0.16500,0.00001 0.00000 29.239980.00000 -0.00000 0.16500,-90.00025 -29.55021 29.24011-0.04734 -0.02650 0.26069,-10.33661 -27.83755 50.57500-0.04734 -0.02650 0.26069,-73.71829 55.53361 -120.75396-0.12869 -0.09413 0.32914,34.23461 48.92329 -98.18893-0.12869 -0.09413 0.32914,-67.86044 11.22581 -120.81643
2024-07-24 15:38:35.030603,54,0.00000 0.00000 -0.00000,0.00000 -0.00000 0.000000.00000 0.00000 0.16500,0.00001 0.00000 29.241760.00000 0.00000 0.16500,-90.00025 -29.55004 29.24189-0.04734 -0.02650 0.26069,-10.33592 -27.83761 50.57542-0.04734 -0.02650 0.26069,-73.71757 55.53793 -120.75195-0.12869 -0.09414 0.32913,34.23961 48.92601 -98.18265-0.12869 -0.09414 0.32913,-67.85978 11.21272 -120.82050
2024-07-24 15:38:35.046754,55,0.00000 0.00000 -0.00000,0.00000 -0.00000 0.00000-0.00000 0.00000 0.16500,0.00001 0.00000 29.242150.00000 -0.00000 0.16500,-90.00024 -29.54918 29.24227-0.04734 -0.02650 0.26069,-10.33498 -27.83701 50.57441-0.04734 -0.02650 0.26069,-73.71807 55.54004 -120.75251-0.12869 -0.09414 0.32913,34.24130 48.92754 -98.18101-0.12869 -0.09414 0.32913,-67.85966 11.21063 -120.82169
2024-07-24 15:38:35.063537,56,0.00000 0.00000 -0.00000,0.00000 -0.00000 0.000000.00000 0.00000 0.16500,0.00001 0.00000 29.24233-0.00000 -0.00000 0.16500,-90.00023 -29.54811 29.24244-0.04733 -0.02650 0.26069,-10.33399 -27.83621 50.57320-0.04733 -0.02650 0.26069,-73.71893 55.54145 -120.75362-0.12868 -0.09414 0.32913,34.24201 48.92870 -98.18057-0.12868 -0.09414 0.32913,-67.85978 11.21032 -120.82243
2024-07-24 15:38:35.080174,57,0.00000 0.00000 -0.00000,0.00000 -0.00000 0.00000-0.00000 0.00000 0.16500,0.00001 0.00000 29.24236-0.00000 0.00000 0.16500,-90.00025 -29.54719 29.24249-0.04733 -0.02650 0.26069,-10.33303 -27.83555 50.57180-0.04733 -0.02650 0.26069,-73.71974 55.54293 -120.75490-0.12868 -0.09414 0.32913,34.24286 48.92988 -98.18020-0.12868 -0.09414 0.32913,-67.85980 11.21069 -120.82306
2024-07-24 15:38:35.096245,58,0.00000 0.00000 -0.00000,0.00000 -0.00000 0.000000.00000 0.00000 0.16500,0.00001 0.00000 29.242390.00000 0.00000 0.16500,-90.00024 -29.54620 29.24251-0.04733 -0.02650 0.26070,-10.33205 -27.83482 50.57042-0.04733 -0.02650 0.26070,-73.72071 55.54414 -120.75633-0.12868 -0.09414 0.32912,34.24331 48.93088 -98.18018-0.12868 -0.09414 0.32912,-67.85999 11.21082 -120.82378
2024-07-24 15:38:35.113899,59,0.00000 0.00000 -0.00000,0.00000 -0.00000 0.00000-0.00000 0.00000 0.16500,0.00001 0.00000 29.24236-0.00000 0.00000 0.16500,-90.00023 -29.54521 29.24248-0.04733 -0.02650 0.26070,-10.33106 -27.83411 50.56896-0.04733 -0.02650 0.26070,-73.72170 55.54528 -120.75786-0.12868 -0.09414 0.32912,34.24375 48.93182 -98.18024-0.12868 -0.09414 0.32912,-67.86015 11.21107 -120.82451
2024-07-24 15:38:35.130281,60,0.00000 0.00000 -0.00000,0.00000 -0.00000 0.000000.00000 0.00000 0.16500,0.00001 0.00000 29.242330.00000 -0.00000 0.16500,-90.00022 -29.54419 29.24244-0.04733 -0.02650 0.26070,-10.33005 -27.83335 50.56748-0.04733 -0.02650 0.26070,-73.72279 55.54623 -120.75950-0.12868 -0.09414 0.32912,34.24398 48.93261 -98.18050-0.12868 -0.09414 0.32912,-67.86037 11.21126 -120.82521
2024-07-24 15:38:35.146877,61,0.00000 0.00000 -0.00000,0.00000 -0.00000 0.000000.00000 0.00000 0.16500,0.00001 0.00000 29.242330.00000 0.00000 0.16500,-90.00025 -29.54322 29.24245-0.04733 -0.02650 0.26070,-10.32907 -27.83265 50.56602-0.04733 -0.02650 0.26070,-73.72381 55.54727 -120.76111-0.12868 -0.09414 0.32912,34.24441 48.93343 -98.18059-0.12868 -0.09414 0.32912,-67.86046 11.21165 -120.82584
2024-07-24 15:38:35.164048,62,0.00000 0.00000 -0.00000,0.00000 -0.00000 0.00000-0.00000 0.00000 0.16500,0.00001 0.00000 29.24228-0.00000 0.00000 0.16500,-90.00023 -29.54905 29.24240-0.04734 -0.02650 0.26069,-10.33089 -27.83829 50.56587-0.04734 -0.02650 0.26069,-73.72638 55.53639 -120.76690-0.12869 -0.09413 0.32914,34.23488 48.92459 -98.19207-0.12869 -0.09413 0.32914,-67.86085 11.22645 -120.82009
2024-07-24 15:38:35.180381,63,0.00000 0.00000 -0.00000,0.00000 -0.00000 0.000000.00000 0.00000 0.16500,0.00001 0.00000 29.244980.00000 0.00000 0.16500,-90.00023 -29.54871 29.24510-0.04733 -0.02650 0.26069,-10.33036 -27.83811 50.56767-0.04733 -0.02650 0.26069,-73.72549 55.54044 -120.76342-0.12869 -0.09414 0.32913,34.23941 48.92729 -98.18510-0.12869 -0.09414 0.32913,-67.86039 11.21412 -120.82282
2024-07-24 15:38:35.197088,64,0.00000 0.00000 -0.00000,0.00000 -0.00000 0.000000.00000 0.00000 0.16500,0.00001 0.00000 29.24533-0.00000 0.00000 0.16500,-90.00024 -29.54787 29.24545-0.04733 -0.02650 0.26069,-10.32939 -27.83754 50.56649-0.04733 -0.02650 0.26069,-73.72601 55.54260 -120.76416-0.12869 -0.09414 0.32913,34.24124 48.92880 -98.18344-0.12869 -0.09414 0.32913,-67.86020 11.21161 -120.82424
2024-07-24 15:38:35.213694,65,0.00000 0.00000 -0.00000,0.00000 -0.00000 0.00000-0.00000 0.00000 0.16500,0.00001 0.00000 29.24552-0.00000 0.00000 0.16500,-90.00023 -29.54700 29.24564-0.04733 -0.02650 0.26069,-10.32844 -27.83693 50.56529-0.04733 -0.02650 0.26069,-73.72676 55.54425 -120.76517-0.12868 -0.09414 0.32913,34.24226 48.93011 -98.18270-0.12868 -0.09414 0.32913,-67.86020 11.21161 -120.82486
2024-07-24 15:38:35.229824,66,0.00000 0.00000 -0.00000,0.00000 -0.00000 0.000000.00000 0.00000 0.16500,0.00001 0.00000 29.24559-0.00000 -0.00000 0.16500,-90.00025 -29.54601 29.24571-0.04733 -0.02650 0.26070,-10.32747 -27.83620 50.56396-0.04733 -0.02650 0.26070,-73.72766 55.54549 -120.76649-0.12868 -0.09414 0.32912,34.24279 48.93114 -98.18258-0.12868 -0.09414 0.32912,-67.86037 11.21159 -120.82561
2024-07-24 15:38:35.246990,67,0.00000 0.00000 -0.00000,0.00000 -0.00000 0.00000-0.00000 0.00000 0.16500,0.00001 0.00000 29.24560-0.00000 0.00000 0.16500,-90.00024 -29.54501 29.24573-0.04733 -0.02650 0.26070,-10.32649 -27.83548 50.56254-0.04733 -0.02650 0.26070,-73.72863 55.54665 -120.76795-0.12868 -0.09414 0.32912,34.24327 48.93209 -98.18256-0.12868 -0.09414 0.32912,-67.86050 11.21181 -120.82628
2024-07-24 15:38:35.263736,68,0.00000 0.00000 -0.00000,0.00000 -0.00000 0.000000.00000 0.00000 0.16500,0.00001 0.00000 29.245590.00000 0.00000 0.16500,-90.00024 -29.54396 29.24570-0.04733 -0.02650 0.26070,-10.32547 -27.83470 50.56105-0.04733 -0.02650 0.26070,-73.72974 55.54761 -120.76962-0.12868 -0.09414 0.32912,34.24349 48.93288 -98.18284-0.12868 -0.09414 0.32912,-67.86073 11.21197 -120.82702
2024-07-24 15:38:35.280393,69,0.00000 0.00000 -0.00000,0.00000 -0.00000 0.00000-0.00000 0.00000 0.16500,0.00001 0.00000 29.24556-0.00000 -0.00000 0.16500,-90.00023 -29.54300 29.24568-0.04733 -0.02650 0.26070,-10.32447 -27.83402 50.55956-0.04733 -0.02650 0.26070,-73.73078 55.54867 -120.77125-0.12868 -0.09414 0.32912,34.24392 48.93372 -98.18292-0.12868 -0.09414 0.32912,-67.86082 11.21235 -120.82765
2024-07-24 15:38:35.296507,70,0.00000 0.00000 -0.00000,0.00000 -0.00000 0.00000-0.00000 0.00000 0.16500,0.00001 0.00000 29.245540.00000 0.00000 0.16500,-90.00023 -29.54873 29.24566-0.04733 -0.02650 0.26069,-10.32623 -27.83955 50.55938-0.04733 -0.02650 0.26069,-73.73339 55.53797 -120.77703-0.12869 -0.09413 0.32914,34.23454 48.92502 -98.19421-0.12869 -0.09413 0.32914,-67.86121 11.22695 -120.82198
2024-07-24 15:38:35.313589,71,0.00000 0.00000 -0.00000,0.00000 -0.00000 0.00000-0.00000 0.00000 0.16500,0.00001 0.00000 29.24818-0.00000 0.00000 0.16500,-90.00024 -29.54835 29.24831-0.04733 -0.02650 0.26069,-10.32570 -27.83934 50.56112-0.04733 -0.02650 0.26069,-73.73252 55.54196 -120.77365-0.12869 -0.09414 0.32913,34.23900 48.92768 -98.18738-0.12869 -0.09414 0.32913,-67.86077 11.21478 -120.82470
2024-07-24 15:38:35.330864,72,0.00000 0.00000 -0.00000,0.00000 -0.00000 0.00000-0.00000 0.00000 0.16500,0.00001 0.00000 29.248550.00000 -0.00000 0.16500,-90.00023 -29.54753 29.24867-0.04733 -0.02650 0.26069,-10.32470 -27.83880 50.55994-0.04733 -0.02650 0.26069,-73.73309 55.54416 -120.77440-0.12869 -0.09414 0.32913,34.24084 48.92923 -98.18569-0.12869 -0.09414 0.32913,-67.86058 11.21237 -120.82608
2024-07-24 15:38:35.347004,73,0.00000 0.00000 -0.00000,0.00000 -0.00000 0.000000.00000 0.00000 0.16500,0.00001 0.00000 29.248720.00000 -0.00000 0.16500,-90.00022 -29.54648 29.24883-0.04733 -0.02650 0.26070,-10.32369 -27.83801 50.55867-0.04733 -0.02650 0.26070,-73.73393 55.54560 -120.77554-0.12868 -0.09414 0.32913,34.24163 48.93037 -98.18518-0.12868 -0.09414 0.32913,-67.86066 11.21211 -120.82678
2024-07-24 15:38:35.363137,74,0.00000 0.00000 -0.00000,0.00000 -0.00000 0.00000-0.00000 0.00000 0.16500,0.00001 0.00000 29.248760.00000 0.00000 0.16500,-90.00025 -29.54558 29.24888-0.04733 -0.02650 0.26070,-10.32274 -27.83737 50.55726-0.04733 -0.02650 0.26070,-73.73477 55.54705 -120.77687-0.12868 -0.09414 0.32912,34.24247 48.93152 -98.18484-0.12868 -0.09414 0.32912,-67.86067 11.21247 -120.82744
2024-07-24 15:38:35.379428,75,0.00000 0.00000 -0.00000,0.00000 -0.00000 0.000000.00000 0.00000 0.16500,0.00001 0.00000 29.248790.00000 -0.00000 0.16500,-90.00023 -29.54459 29.24890-0.04733 -0.02650 0.26070,-10.32173 -27.83665 50.55584-0.04733 -0.02650 0.26070,-73.73576 55.54825 -120.77835-0.12868 -0.09414 0.32912,34.24292 48.93253 -98.18485-0.12868 -0.09414 0.32912,-67.86086 11.21261 -120.82819
2024-07-24 15:38:35.397121,76,0.00000 0.00000 -0.00000,0.00000 -0.00000 0.000000.00000 0.00000 0.16500,0.00001 0.00000 29.24879-0.00000 -0.00000 0.16500,-90.00023 -29.54354 29.24890-0.04732 -0.02650 0.26070,-10.32071 -27.83588 50.55439-0.04732 -0.02650 0.26070,-73.73685 55.54923 -120.77997-0.12868 -0.09414 0.32912,34.24316 48.93334 -98.18507-0.12868 -0.09414 0.32912,-67.86108 11.21274 -120.82890
2024-07-24 15:38:35.413863,77,0.00000 0.00000 -0.00000,0.00000 -0.00000 0.000000.00000 0.00000 0.16500,0.00001 0.00000 29.248790.00000 -0.00000 0.16500,-90.00023 -29.54255 29.24890-0.04732 -0.02650 0.26070,-10.31970 -27.83518 50.55289-0.04732 -0.02650 0.26070,-73.73791 55.55030 -120.78160-0.12868 -0.09414 0.32912,34.24354 48.93420 -98.18519-0.12868 -0.09414 0.32912,-67.86122 11.21311 -120.82955
2024-07-24 15:38:35.429985,78,0.00000 0.00000 -0.00000,0.00000 -0.00000 0.000000.00000 0.00000 0.16500,0.00001 0.00000 29.24872-0.00000 -0.00000 0.16500,-90.00024 -29.54824 29.24884-0.04733 -0.02650 0.26069,-10.32146 -27.84067 50.55267-0.04733 -0.02650 0.26069,-73.74044 55.53974 -120.78733-0.12869 -0.09413 0.32914,34.23435 48.92560 -98.19634-0.12869 -0.09413 0.32914,-67.86153 11.22756 -120.82397
2024-07-24 15:38:35.447180,79,0.00000 0.00000 -0.00000,0.00000 -0.00000 0.00000-0.00000 0.00000 0.16500,0.00001 0.00000 29.251360.00000 -0.00000 0.16500,-90.00023 -29.54786 29.25148-0.04733 -0.02651 0.26069,-10.32090 -27.84045 50.55438-0.04733 -0.02651 0.26069,-73.73961 55.54371 -120.78399-0.12869 -0.09414 0.32913,34.23872 48.92826 -98.18959-0.12869 -0.09414 0.32913,-67.86114 11.21554 -120.82666
2024-07-24 15:38:35.463587,80,0.00000 0.00000 -0.00000,0.00000 -0.00000 0.000000.00000 0.00000 0.16500,0.00001 0.00000 29.251700.00000 0.00000 0.16500,-90.00025 -29.54701 29.25182-0.04733 -0.02651 0.26069,-10.31991 -27.83988 50.55317-0.04733 -0.02651 0.26069,-73.74019 55.54588 -120.78477-0.12869 -0.09414 0.32913,34.24053 48.92979 -98.18796-0.12869 -0.09414 0.32913,-67.86096 11.21315 -120.82805
2024-07-24 15:38:35.479834,81,0.00000 0.00000 -0.00000,0.00000 -0.00000 0.000000.00000 0.00000 0.16500,0.00001 0.00000 29.25189-0.00000 0.00000 0.16500,-90.00025 -29.54594 29.25201-0.04733 -0.02651 0.26070,-10.31890 -27.83908 50.55192-0.04733 -0.02651 0.26070,-73.74110 55.54728 -120.78598-0.12868 -0.09414 0.32913,34.24128 48.93091 -98.18749-0.12868 -0.09414 0.32913,-67.86105 11.21284 -120.82876
2024-07-24 15:38:35.497031,82,0.00000 0.00000 -0.00000,0.00000 -0.00000 0.00000-0.00000 0.00000 0.16500,0.00001 0.00000 29.25196-0.00000 0.00000 0.16500,-90.00025 -29.54504 29.25208-0.04733 -0.02651 0.26070,-10.31792 -27.83845 50.55052-0.04733 -0.02650 0.26070,-73.74192 55.54876 -120.78727-0.12868 -0.09414 0.32912,34.24211 48.93208 -98.18711-0.12868 -0.09414 0.32912,-67.86109 11.21324 -120.82938
2024-07-24 15:38:35.513689,83,0.00000 0.00000 -0.00000,0.00000 -0.00000 0.00000-0.00000 0.00000 0.16500,0.00001 0.00000 29.251980.00000 0.00000 0.16500,-90.00023 -29.54408 29.25210-0.04732 -0.02650 0.26070,-10.31693 -27.83776 50.54910-0.04732 -0.02650 0.26070,-73.74290 55.54998 -120.78875-0.12868 -0.09414 0.32912,34.24259 48.93309 -98.18712-0.12868 -0.09414 0.32912,-67.86126 11.21338 -120.83016
2024-07-24 15:38:35.530293,84,0.00000 0.00000 -0.00000,0.00000 -0.00000 0.00000-0.00000 0.00000 0.16500,0.00001 0.00000 29.25198-0.00000 0.00000 0.16500,-90.00023 -29.54302 29.25209-0.04732 -0.02650 0.26070,-10.31589 -27.83699 50.54759-0.04732 -0.02650 0.26070,-73.74402 55.55094 -120.79043-0.12868 -0.09414 0.32912,34.24281 48.93390 -98.18739-0.12868 -0.09414 0.32912,-67.86149 11.21353 -120.83089
2024-07-24 15:38:35.546884,85,0.00000 0.00000 -0.00000,0.00000 -0.00000 0.00000-0.00000 0.00000 0.16500,0.00001 0.00000 29.251980.00000 0.00000 0.16500,-90.00023 -29.54206 29.25210-0.04732 -0.02650 0.26070,-10.31489 -27.83630 50.54610-0.04732 -0.02650 0.26070,-73.74506 55.55202 -120.79204-0.12868 -0.09414 0.32912,34.24323 48.93476 -98.18747-0.12868 -0.09414 0.32912,-67.86161 11.21390 -120.83154
2024-07-24 15:38:35.563950,86,0.00000 0.00000 -0.00000,0.00000 -0.00000 0.000000.00000 0.00000 0.16500,0.00001 0.00000 29.25194-0.00000 0.00000 0.16500,-90.00024 -29.54774 29.25205-0.04733 -0.02651 0.26069,-10.31663 -27.84181 50.54589-0.04733 -0.02651 0.26069,-73.74761 55.54143 -120.79778-0.12869 -0.09413 0.32914,34.23396 48.92616 -98.19870-0.12869 -0.09413 0.32914,-67.86197 11.22840 -120.82594
2024-07-24 15:38:35.580092,87,0.00000 0.00000 -0.00000,0.00000 -0.00000 0.00000-0.00000 0.00000 0.16500,0.00001 0.00000 29.254570.00000 -0.00000 0.16500,-90.00023 -29.54736 29.25470-0.04733 -0.02651 0.26069,-10.31605 -27.84159 50.54757-0.04733 -0.02651 0.26069,-73.74683 55.54539 -120.79451-0.12869 -0.09414 0.32913,34.23834 48.92879 -98.19193-0.12869 -0.09414 0.32913,-67.86155 11.21632 -120.82863
2024-07-24 15:38:35.597187,88,0.00000 0.00000 -0.00000,0.00000 -0.00000 0.000000.00000 0.00000 0.16500,0.00001 0.00000 29.254920.00000 -0.00000 0.16500,-90.00023 -29.54655 29.25504-0.04733 -0.02651 0.26070,-10.31506 -27.84106 50.54634-0.04733 -0.02651 0.26070,-73.74741 55.54759 -120.79531-0.12869 -0.09414 0.32913,34.24019 48.93034 -98.19028-0.12869 -0.09414 0.32913,-67.86135 11.21394 -120.83005
2024-07-24 15:38:35.613822,89,0.00000 0.00000 -0.00000,0.00000 -0.00000 0.000000.00000 0.00000 0.16500,0.00001 0.00000 29.25511-0.00000 -0.00000 0.16500,-90.00024 -29.54547 29.25523-0.04732 -0.02651 0.26070,-10.31404 -27.84025 50.54509-0.04732 -0.02651 0.26070,-73.74831 55.54900 -120.79650-0.12868 -0.09414 0.32913,34.24092 48.93145 -98.18983-0.12868 -0.09414 0.32913,-67.86146 11.21363 -120.83077
2024-07-24 15:38:35.630343,90,0.00000 0.00000 -0.00000,0.00000 -0.00000 0.000000.00000 0.00000 0.16500,0.00001 0.00000 29.25518-0.00000 0.00000 0.16500,-90.00024 -29.54455 29.25530-0.04732 -0.02651 0.26070,-10.31306 -27.83960 50.54367-0.04732 -0.02651 0.26070,-73.74918 55.55046 -120.79786-0.12868 -0.09414 0.32912,34.24174 48.93262 -98.18947-0.12868 -0.09414 0.32912,-67.86150 11.21403 -120.83140
2024-07-24 15:38:35.646931,91,0.00000 0.00000 -0.00000,0.00000 -0.00000 0.000000.00000 0.00000 0.16500,0.00001 0.00000 29.255220.00000 0.00000 0.16500,-90.00024 -29.54356 29.25534-0.04732 -0.02651 0.26070,-10.31205 -27.83888 50.54224-0.04732 -0.02651 0.26070,-73.75015 55.55166 -120.79931-0.12868 -0.09414 0.32912,34.24222 48.93360 -98.18945-0.12868 -0.09414 0.32912,-67.86165 11.21414 -120.83213
2024-07-24 15:38:35.664069,92,0.00000 0.00000 -0.00000,0.00000 -0.00000 0.000000.00000 0.00000 0.16500,0.00001 0.00000 29.25520-0.00000 0.00000 0.16500,-90.00023 -29.54253 29.25531-0.04732 -0.02651 0.26070,-10.31102 -27.83813 50.54073-0.04732 -0.02651 0.26070,-73.75126 55.55267 -120.80099-0.12868 -0.09414 0.32912,34.24247 48.93445 -98.18970-0.12868 -0.09414 0.32912,-67.86188 11.21435 -120.83288
